-0.07471444457769394
-0.09429775923490524
0.016839532181620598
0.015413039363920689
0.020022602751851082
0.09438242018222809
0.05073718726634979
-0.01850265823304653
-0.036388564854860306
0.01344546489417553
0.017524126917123795
0.023808499798178673
0.004648830741643906
-0.0036493937950581312
0.07400800287723541
0.007582336198538542
-0.07421282678842545
-0.07923146337270737
-0.08906424790620804
-0.016877664253115654
-0.006720751989632845
-0.053496941924095154
-0.013222365640103817
-0.0059888013638556
-0.051880430430173874
-0.05013379082083702
-0.020752623677253723
0.011221501976251602
0.053948160260915756
0.022050844505429268
-0.036220353096723557
0.027363387867808342
0.06632809340953827
-0.021556254476308823
0.037484847009181976
0.11608312278985977
0.061507172882556915
0.10332626104354858
-0.01375021506100893
-0.12206938117742538
0.005824806168675423
-0.006472013890743256
0.0505896732211113
0.17401856184005737
0.1000235304236412
-0.029747920110821724
-0.28570035099983215
-0.5596626400947571
-0.2759857475757599
0.45946112275123596
1.1803745031356812
1.421939492225647
0.24157965183258057
-0.9518519639968872
-1.5016385316848755
-2.083113670349121
-0.6457120776176453
0.9507119655609131
0.7451910972595215
0.9208440780639648
1.2931797504425049
0.9356437921524048
-0.2899087071418762
-1.0726549625396729
-0.9748502373695374
-0.9616668224334717
-0.48698437213897705
0.13080279529094696
0.7412418723106384
1.0000320672988892
0.7078437209129333
0.4832495450973511
-0.1831994205713272
-0.6717435717582703
-0.6327614188194275
-0.720964789390564
-0.38213247060775757
0.31134986877441406
0.5557141304016113
0.7660606503486633
0.590019941329956
-0.1723538190126419
-0.5548902153968811
-0.7470699548721313
-0.44253119826316833
0.15295349061489105
0.31707218289375305
0.6289634704589844
0.8361023664474487
0.271190881729126
-0.29465365409851074
-0.4815269112586975
-0.5328394770622253
-0.3370347321033478
-0.15478157997131348
0.27580010890960693
0.5838767886161804
0.5233892202377319
0.43116435408592224
0.04886121675372124
-0.19877947866916656
-0.28603240847587585
-0.3896716833114624
-0.3793722987174988
-0.23253300786018372
0.05649644881486893
0.1875227689743042
0.17310497164726257
0.23465991020202637
0.19088588654994965
0.06312990933656693
0.006431566085666418
-0.11651989072561264
-0.08840686082839966
-0.03264623135328293
-0.042259275913238525
-0.00489382678642869
-0.04719656705856323
-0.027599850669503212
-0.05672307312488556
-0.008334871381521225
0.09038182348012924
0.12904508411884308
0.1807398498058319
0.0862550288438797
0.006333081983029842
0.03812822327017784
-0.008330835029482841
-0.25920891761779785
-0.3421453833580017
-0.12904055416584015
0.09079335629940033
0.24723953008651733
0.317329466342926
0.272563636302948
-0.037427473813295364
-0.24756619334220886
-0.014116879552602768
-0.0792786255478859
-0.18779635429382324
0.11538952589035034
0.10603602230548859
0.03717782720923424
0.01604694128036499
-0.054597511887550354
-0.03218637779355049
-0.09640011936426163
-0.10113129019737244
0.09139738976955414
0.22248119115829468
0.0048944223672151566
-0.0837574228644371
-0.03351811692118645
-0.045863330364227295
-0.050688933581113815
0.02652880921959877
0.14584515988826752
-0.06324851512908936
-0.09370800107717514
0.12233075499534607
0.10780975967645645
-0.01190075185149908
-0.010749232955276966
-0.04297434911131859
-0.20170365273952484
-0.07289987057447433
0.07721550017595291
0.02501012198626995
0.08055012673139572
0.09955830872058868
0.03138997033238411
0.01719491183757782
-0.023593785241246223
-0.09196318686008453
-0.18970444798469543
-0.2223455309867859
-0.09807754307985306
-0.14278633892536163
-0.17620864510536194
0.11870196461677551
0.39863353967666626
0.2812114357948303
-0.03331252560019493
-0.1684877872467041
-0.28417009115219116
-0.32167378067970276
-0.2723676860332489
-0.07820358872413635
0.23183976113796234
0.321805477142334
0.43637335300445557
0.34394189715385437
-0.04515871778130531
-0.22540383040905
-0.30819612741470337
-0.33805522322654724
-0.11437945067882538
0.20247605443000793
0.4071633517742157
0.24688956141471863
-0.08715391159057617
-0.04456131532788277
-0.042758625000715256
-0.24589139223098755
-0.20188847184181213
-0.027162523940205574
0.09788066148757935
0.11885485053062439
0.11942299455404282
0.10947758704423904
-0.020851317793130875
-0.12009581923484802
-0.20961040258407593
-0.1650008112192154
0.06590677797794342
0.1318509578704834
0.1410365104675293
0.12899598479270935
0.04704425111413002
-0.017448730766773224
-0.08416189253330231
-0.09368445724248886
-0.05981667712330818
-0.008787650614976883
-0.0003933054395020008
0.0293775275349617
0.01713326945900917
-0.04982827603816986
-0.03955399617552757
-0.0040352120995521545
0.04460366442799568
0.10205598175525665
0.20279081165790558
0.0641619861125946
-0.10176941007375717
-0.013973025605082512
-0.14158357679843903
-0.19093886017799377
0.010223442688584328
0.02244398184120655
0.004887312185019255
0.1073588952422142
0.11013416200876236
0.05511246249079704
0.05448506027460098
0.020789455622434616
-0.10334586352109909
-0.16028600931167603
-0.09212038666009903
-0.05263832211494446
0.015577305108308792
0.0691443383693695
0.10337309539318085
0.06892719119787216
-0.0005766969989053905
0.03238426893949509
-0.06648276001214981
-0.14666803181171417
-0.10327313095331192
-0.0910736545920372
0.0093287518247962
0.13110391795635223
0.17815999686717987
0.17887559533119202
0.01804996095597744
-0.1954297572374344
-0.22214147448539734
-0.11134975403547287
0.0021883249282836914
0.05180796608328819
0.12467055022716522
0.2349921613931656
0.18138433992862701
0.02901744283735752
-0.13081999123096466
-0.2579793334007263
-0.19253306090831757
-0.09248848259449005
0.0745612308382988
0.16392619907855988
0.05958119407296181
0.11429448425769806
0.1387319415807724
0.03726253658533096
-0.06720922142267227
-0.12983056902885437
-0.12721198797225952
-0.1404612958431244
-0.12671871483325958
-0.06422114372253418
0.05989570915699005
0.17948953807353973
0.17384448647499084
0.08884374052286148
0.02394299954175949
-0.035976115614175797
-0.04169193282723427
-0.05783669278025627
-0.1075621098279953
-0.017763083800673485
0.013244109228253365
-0.00981148611754179
0.0722801461815834
0.04985333979129791
0.034467585384845734
0.04829000309109688
0.012238137423992157
0.02304004319012165
-0.021825475618243217
-0.03868302330374718
-0.03157730773091316
-0.038065530359745026
0.011040317825973034
0.05166253447532654
0.047151386737823486
0.018649892881512642
0.06684617698192596
0.05296005681157112
-0.0410756915807724
0.022415928542613983
0.053425516933202744
-0.016766153275966644
0.006540789268910885
0.005217493511736393
-0.03319406509399414
-0.04173710569739342
0.020688407123088837
0.019165415316820145
-0.08567915856838226
-0.01964506320655346
-0.03670070320367813
-0.11536011099815369
-0.015383172780275345
0.04996410757303238
0.05750637128949165
0.056257277727127075
0.05429225042462349
-0.031462132930755615
-0.14690543711185455
-0.13233964145183563
-0.09507611393928528
-0.018688084557652473
0.10992849618196487
0.10025189816951752
0.07290245592594147
0.10701944679021835
0.025416085496544838
-0.07398322224617004
-0.07826846837997437
-0.010770441964268684
0.0242058876901865
-0.025298064574599266
-0.025057457387447357
0.045093681663274765
0.1153954267501831
0.08359897136688232
0.02687586471438408
0.068364217877388
0.007855921052396297
-0.1659167855978012
-0.16675259172916412
-0.01053541898727417
0.05979236215353012
0.08121846616268158
0.10690899938344955
0.09304983913898468
0.06892675161361694
-0.035304177552461624
-0.09802914410829544
-0.02064874954521656
-0.0044490499421954155
-0.0038433626759797335
0.06114032864570618
0.06938639283180237
0.05227077379822731
0.004574507940560579
-0.05759524554014206
0.012308362871408463
0.02420312538743019
-0.07050711661577225
-0.010067297145724297
0.00995981227606535
0.0020797152537852526
0.07597289234399796
0.02013241872191429
-0.019347788766026497
-0.004992129746824503
-0.02861102484166622
-0.050364524126052856
-0.06239670142531395
-0.0016889198450371623
0.10042702406644821
0.0487188994884491
-0.0323692224919796
-0.014322109520435333
-0.05430186167359352
-0.02152279019355774
-0.0062413583509624004
-0.014376598410308361
0.0795225277543068
0.08309347927570343
0.05347791686654091
0.0203012116253376
-0.027283430099487305
-0.0319216325879097
-0.031049607321619987
-0.05147062987089157
-0.03495624288916588
0.07033483684062958
0.057016026228666306
-0.02775382064282894
0.03781844303011894
0.07724659144878387
0.0061556873843073845
-0.06106402352452278
-0.037770338356494904
0.02497272938489914
-0.008616060018539429
-0.05155794695019722
-0.022716613486409187
-0.016746753826737404
0.000654794042930007
0.059392113238573074
0.05302448570728302
0.01910809613764286
-0.04198423773050308
-0.09428426623344421
-0.045907460153102875
-0.04088570922613144
-0.02090463787317276
0.06472652405500412
0.031471237540245056
-0.00260584126226604
0.016468407586216927
0.007193705998361111
0.01757451705634594
-0.02478407323360443
-0.062352221459150314
-0.04735267907381058
-0.18640151619911194
-0.07570553570985794
0.16767187416553497
0.05420133098959923
0.14547117054462433
0.05828915908932686
-0.09630358219146729
0.048537034541368484
-0.13292673230171204
-0.11281020194292068
0.001861204975284636
-0.019020015373826027
0.16235871613025665
0.19175656139850616
0.016298918053507805
-0.12093692272901535
-0.04590844735503197
-0.02743533067405224
-0.04980085417628288
0.09296070784330368
0.02644425444304943
-0.02479242905974388
0.03234940767288208
-0.04538913443684578
-0.04735551401972771
-0.011166660115122795
-0.041537463665008545
-0.015348081476986408
0.06039492413401604
-0.011465929448604584
-0.06236327067017555
-0.0014185667969286442
-0.05477797985076904
-0.02662394754588604
0.13743218779563904
0.058577124029397964
-0.06857084482908249
-0.00891799945384264
-0.04091767966747284
-0.09575062990188599
-0.051715124398469925
0.027707010507583618
0.05117672309279442
0.1395995169878006
0.1564956158399582
-0.059675682336091995
-0.08163509517908096
-0.04972459003329277
-0.13596303761005402
-0.12443730235099792
-0.02502160333096981
0.08716627955436707
0.08066178858280182
0.009335353039205074
0.04669037088751793
0.11499178409576416
0.047433316707611084
-0.0651649534702301
-0.08416026830673218
-0.08360618352890015
-0.08495941013097763
