0.013506373
-0.037194718
-0.07033431
0.07395309
0.12856486
-0.039199386
-0.12880766
-0.026433414
0.062087797
0.06288737
0.016901627
-0.055602416
-0.046343062
0.043630417
0.019875268
-0.06428243
0.01487844
0.10210378
-0.01728507
-0.10418384
0.0012088282
0.044776917
-0.013506373
0.037194718
0.07033431
-0.07395309
-0.12856486
0.039199386
0.12880766
0.026433414
-0.062087797
-0.06288737
-0.016901627
0.055602416
0.046343062
-0.043630417
-0.019875268
0.06428243
-0.01487844
-0.10210378
0.01728507
0.10418384
-0.0012088282
-0.044776917
0.013506373
-0.037194718
-0.07033431
0.07395309
0.058497462
0.04404803
0.0061646663
0.024061497
0.0
-0.094298765
-0.04374321
0.09918212
0.047881015
-0.04290291
0.023530584
-0.008444705
-0.12026391
-0.0010852759
0.15248649
0.06428243
-0.08151188
-0.12906605
-0.040527064
0.15708344
0.12183613
-0.15204872
-0.11624631
0.13271683
0.05477727
-0.09576596
-5.6772768e-18
0.022594297
-0.017198723
0.07758275
0.009867834
-0.14944483
0.0041248444
0.13489704
-0.032903716
-0.038079727
0.09171649
-0.06428243
-0.1626911
0.089901045
0.1936947
-0.030631097
-0.14949156
-0.040299017
0.058497462
0.04404803
0.0061646663
0.024061497
-0.008099261
-0.06337468
0.069804505
0.05135358
-0.06428243
-0.08610729
-0.038392402
0.12700282
0.1875223
-0.12061714
-0.27573976
0.06365223
0.2294789
-0.0076630483
-0.079647034
1.0092937e-17
-0.06303205
-0.029915499
0.108076945
0.04272624
-0.061974686
-0.0053438395
0.007295335
-0.053572036
-0.01180666
0.07590268
0.06428243
-0.04114897
-0.097935446
-0.010056096
0.0661863
0.023454294
0.013884618
0.005855181
-0.08893494
-0.028557861
0.124889284
-7.569703e-18
-0.12561913
0.066136405
0.10490883
-0.11223366
-0.060865633
0.10250668
-0.008099261
-0.06337468
0.069804505
0.05135358
